102690.9218079486126018
202690.923039188570346
402750.9190971951954742
602800.9191345428477805
802810.9193239043986539
1002810.9169857682123216
1602800.9176746378725373
2002830.9174625385684084
2502830.9170081202810705
3002820.9174640930467748
4002830.9170446960182596
5002820.9174172088038052
6002810.9174424404134103
8002820.9175747057501665
10002830.9171166810456408
102610.9225683883920996
202770.9199806848479869
402710.919401213018671
602780.917918954102887
802820.9182229843472252
1002790.9185766010754052
1602820.9174845966137315
2002830.9176076266703908
2502850.9172126891094947
3002820.9170568074270281
4002830.917132444082341
5002820.9174433331557056
6002830.9170840944250094
8002820.9174659613708089
10002820.9172929033999919
1000.9519077834044031
2000.9519147909617893
4000.9519155337823023
6000.9519204145619414
8000.9519212713788557
10000.9519215920708254
16000.9519219522856945
20000.9519122937730169
25000.9519134954936548
30000.9519189134987545
40000.9519188879871036
50000.9519226205889266
60000.9519148071098206
80000.9519210588025756
100000.9519188365121598
