10,1.1435473477537732
1.0836227789335255,1.0862813682951125,1.0892645251254505,1.093311853702569,1.0960291835328015,1.0975085277351677,1.0987808114807907
30,1.2559387648135023
1.1805618740927493,1.1837643341976198,1.1886276822795712,1.1933579173085318,1.200925068591447,1.2088177323639488,1.2123545262776785
80,1.058325872986082
1.0543205638946984,1.0560290734644397,1.0564984292244208,1.06224181371901,1.0662649099175623,1.0737203677677747,1.0754399655601734
160,0.9666568929841013
0.9884404901094609,0.9886684462228464,0.9888051946657729,0.9905357075448613,0.9914452905717305,0.9950753083554631,0.9979698158662944
200,0.9651297492614164
0.9884404901094609,0.9887140311386657,0.9885772700852224,0.9896252885036512,0.9913089063231216,0.9929442809399625,0.9954375820757954
250,0.9644688899677031
0.9890786348317591,0.9891697647563853,0.9891697647563853,0.990217156095059,0.9914452905717305,0.9933980738803107,0.9959354932727376
300,0.9646396652145757
0.9899440304089657,0.9898074393037403,0.9900806026701396,0.9915816560617602,0.9925810972113027,0.994033035961047,0.9958449824811413
400,0.9638120243137186
0.9899440304089657,0.9900806026701396,0.9898529717664138,0.9908996409483579,0.9915816560617602,0.9928081026110028,0.9947582106232185
